state var t,x1,x2,x3,x4,x5,x6,x7,x8,x9,x10,x11,x12,x13,x14,x15,x16,x17,x18,x19,x20,x21,x22,x23,x24,x25,x26,x27,x28

gnuplot octagon t , x1

cutoff 1.000000e-20

output helicopter

continuous flowpipes
{
tm var local_var_1,local_var_2,local_var_3,local_var_4,local_var_5,local_var_6,local_var_7,local_var_8,local_var_9,local_var_10,local_var_11,local_var_12,local_var_13,local_var_14,local_var_15,local_var_16,local_var_17,local_var_18,local_var_19,local_var_20,local_var_21,local_var_22,local_var_23,local_var_24,local_var_25,local_var_26,local_var_27,local_var_28,local_var_29

{
t = [0,0] + [0 , 0]

x1 = [1.00000000000000e1 , 1.00000000000000e1] + [0 , 0]

x2 = [1.00000000000000e1 , 1.00000000000000e1] + [0 , 0]

x3 = [1.00000000000000e1 , 1.00000000000000e1] + [0 , 0]

x4 = [1.00000000000000e1 , 1.00000000000000e1] + [0 , 0]

x5 = [1.00000000000000e1 , 1.00000000000000e1] + [0 , 0]

x6 = [1.00000000000000e1 , 1.00000000000000e1] + [0 , 0]

x7 = [1.00000000000000e1 , 1.00000000000000e1] + [0 , 0]

x8 = [1.00000000000000e1 , 1.00000000000000e1] + [0 , 0]

x9 = [1.00000000000000e1 , 1.00000000000000e1] + [0 , 0]

x10 = [1.00000000000000e1 , 1.00000000000000e1] + [0 , 0]

x11 = [1.00000000000000e1 , 1.00000000000000e1] + [0 , 0]

x12 = [1.00000000000000e1 , 1.00000000000000e1] + [0 , 0]

x13 = [1.00000000000000e1 , 1.00000000000000e1] + [0 , 0]

x14 = [1.00000000000000e1 , 1.00000000000000e1] + [0 , 0]

x15 = [1.00000000000000e1 , 1.00000000000000e1] + [0 , 0]

x16 = [1.00000000000000e1 , 1.00000000000000e1] + [0 , 0]

x17 = [1.00000000000000e1 , 1.00000000000000e1] + [0 , 0]

x18 = [1.00000000000000e1 , 1.00000000000000e1] + [0 , 0]

x19 = [1.00000000000000e1 , 1.00000000000000e1] + [0 , 0]

x20 = [1.00000000000000e1 , 1.00000000000000e1] + [0 , 0]

x21 = [1.00000000000000e1 , 1.00000000000000e1] + [0 , 0]

x22 = [1.00000000000000e1 , 1.00000000000000e1] + [0 , 0]

x23 = [1.00000000000000e1 , 1.00000000000000e1] + [0 , 0]

x24 = [1.00000000000000e1 , 1.00000000000000e1] + [0 , 0]

x25 = [1.00000000000000e1 , 1.00000000000000e1] + [0 , 0]

x26 = [1.00000000000000e1 , 1.00000000000000e1] + [0 , 0]

x27 = [1.00000000000000e1 , 1.00000000000000e1] + [0 , 0]

x28 = [1.00000000000000e1 , 1.00000000000000e1] + [0 , 0]


local_t in [0 , 0]
local_var_1 in [-1.00000000000000 , 1.00000000000000]
local_var_2 in [-1.00000000000000 , 1.00000000000000]
local_var_3 in [-1.00000000000000 , 1.00000000000000]
local_var_4 in [-1.00000000000000 , 1.00000000000000]
local_var_5 in [-1.00000000000000 , 1.00000000000000]
local_var_6 in [-1.00000000000000 , 1.00000000000000]
local_var_7 in [-1.00000000000000 , 1.00000000000000]
local_var_8 in [-1.00000000000000 , 1.00000000000000]
local_var_9 in [-1.00000000000000 , 1.00000000000000]
local_var_10 in [-1.00000000000000 , 1.00000000000000]
local_var_11 in [-1.00000000000000 , 1.00000000000000]
local_var_12 in [-1.00000000000000 , 1.00000000000000]
local_var_13 in [-1.00000000000000 , 1.00000000000000]
local_var_14 in [-1.00000000000000 , 1.00000000000000]
local_var_15 in [-1.00000000000000 , 1.00000000000000]
local_var_16 in [-1.00000000000000 , 1.00000000000000]
local_var_17 in [-1.00000000000000 , 1.00000000000000]
local_var_18 in [-1.00000000000000 , 1.00000000000000]
local_var_19 in [-1.00000000000000 , 1.00000000000000]
local_var_20 in [-1.00000000000000 , 1.00000000000000]
local_var_21 in [-1.00000000000000 , 1.00000000000000]
local_var_22 in [-1.00000000000000 , 1.00000000000000]
local_var_23 in [-1.00000000000000 , 1.00000000000000]
local_var_24 in [-1.00000000000000 , 1.00000000000000]
local_var_25 in [-1.00000000000000 , 1.00000000000000]
local_var_26 in [-1.00000000000000 , 1.00000000000000]
local_var_27 in [-1.00000000000000 , 1.00000000000000]
local_var_28 in [-1.00000000000000 , 1.00000000000000]
local_var_29 in [-1.00000000000000 , 1.00000000000000]
}

}
